function mpc = case123
%CASE33BW  Power flow data for 123 bus distribution system from Kersting 1991/2001
%    Please see CASEFORMAT for details on the case file format.
%
%    Data from ...
%       W. H. Kersting, "Radial Distribution Test Feeders," in IEEE Transactions
%       on Power System, vol. 6, no. 3, pp. 975-985, Aug 1991.

%% MATPOWER Case Format : Version 2
mpc.version = '2';

%%-----  Power Flow Data  -----%%
%% system MVA base
mpc.baseMVA = 1;

%% bus data
%	bus_i	type	Pd	Qd	Gs	Bs	area	Vm	Va	baseKV	zone	Vmax	Vmin
mpc.bus = [
	1	3	0.04	0.02	0	0	1	1	0	4.16	1	1.05	0.95;
	2	1	0.02	0.01	0	0	1	1	0	4.16	1	1.05	0.95;
	3	1	0	0	0	0	1	1	0	4.16	1	1.05	0.95;
	4	1	0.04	0.02	0	0	1	1	0	4.16	1	1.05	0.95;
	5	1	0.02	0.01	0	0	1	1	0	4.16	1	1.05	0.95;
	6	1	0.04	0.02	0	0	1	1	0	4.16	1	1.05	0.95;
	7	1	0.02	0.01	0	0	1	1	0	4.16	1	1.05	0.95;
	8	1	0	0	0	0	1	1	0	4.16	1	1.05	0.95;
	9	1	0.04	0.02	0	0	1	1	0	4.16	1	1.05	0.95;
	10	1	0.02	0.01	0	0	1	1	0	4.16	1	1.05	0.95;
	11	1	0.04	0.02	0	0	1	1	0	4.16	1	1.05	0.95;
	12	1	0.02	0.01	0	0	1	1	0	4.16	1	1.05	0.95;
	13	1	0	0	0	0	1	1	0	4.16	1	1.05	0.95;
	14	1	0	0	0	0	1	1	0	4.16	1	1.05	0.95;
	15	1	0	0	0	0	1	1	0	4.16	1	1.05	0.95;
	16	1	0.04	0.02	0	0	1	1	0	4.16	1	1.05	0.95;
	17	1	0.02	0.01	0	0	1	1	0	4.16	1	1.05	0.95;
	18	1	0	0	0	0	1	1	0	4.16	1	1.05	0.95;
	19	1	0.04	0.02	0	0	1	1	0	4.16	1	1.05	0.95;
	20	1	0.04	0.02	0	0	1	1	0	4.16	1	1.05	0.95;
	21	1	0	0	0	0	1	1	0	4.16	1	1.05	0.95;
	22	1	0.04	0.02	0	0	1	1	0	4.16	1	1.05	0.95;
	23	1	0	0	0	0	1	1	0	4.16	1	1.05	0.95;
	24	1	0.04	0.02	0	0	1	1	0	4.16	1	1.05	0.95;
	25	1	0	0	0	0	1	1	0	4.16	1	1.05	0.95;
	26	1	0	0	0	0	1	1	0	4.16	1	1.05	0.95;
	27	1	0	0	0	0	1	1	0	4.16	1	1.05	0.95;
	28	1	0.04	0.02	0	0	1	1	0	4.16	1	1.05	0.95;
	29	1	0.04	0.02	0	0	1	1	0	4.16	1	1.05	0.95;
	30	1	0.04	0.02	0	0	1	1	0	4.16	1	1.05	0.95;
	31	1	0.02	0.01	0	0	1	1	0	4.16	1	1.05	0.95;
	32	1	0.02	0.01	0	0	1	1	0	4.16	1	1.05	0.95;
	33	1	0.04	0.02	0	0	1	1	0	4.16	1	1.05	0.95;
	34	1	0.04	0.02	0	0	1	1	0	4.16	1	1.05	0.95;
	35	1	0.04	0.02	0	0	1	1	0	4.16	1	1.05	0.95;
	36	1	0	0	0	0	1	1	0	4.16	1	1.05	0.95;
	37	1	0.04	0.02	0	0	1	1	0	4.16	1	1.05	0.95;
	38	1	0.02	0.01	0	0	1	1	0	4.16	1	1.05	0.95;
	39	1	0.02	0.01	0	0	1	1	0	4.16	1	1.05	0.95;
	40	1	0	0	0	0	1	1	0	4.16	1	1.05	0.95;
	41	1	0.02	0.01	0	0	1	1	0	4.16	1	1.05	0.95;
	42	1	0.02	0.01	0	0	1	1	0	4.16	1	1.05	0.95;
	43	1	0.04	0.02	0	0	1	1	0	4.16	1	1.05	0.95;
	44	1	0	0	0	0	1	1	0	4.16	1	1.05	0.95;
	45	1	0.02	0.01	0	0	1	1	0	4.16	1	1.05	0.95;
	46	1	0.02	0.01	0	0	1	1	0	4.16	1	1.05	0.95;
	47	1	0.105	0.075	0	0	1	1	0	4.16	1	1.05	0.95;
	48	1	0.21	0.15	0	0	1	1	0	4.16	1	1.05	0.95;
	49	1	0.14	0.095	0	0	1	1	0	4.16	1	1.05	0.95;
	50	1	0.04	0.02	0	0	1	1	0	4.16	1	1.05	0.95;
	51	1	0.02	0.01	0	0	1	1	0	4.16	1	1.05	0.95;
	52	1	0.04	0.02	0	0	1	1	0	4.16	1	1.05	0.95;
	53	1	0.04	0.02	0	0	1	1	0	4.16	1	1.05	0.95;
	54	1	0	0	0	0	1	1	0	4.16	1	1.05	0.95;
	55	1	0.02	0.01	0	0	1	1	0	4.16	1	1.05	0.95;
	56	1	0.02	0.01	0	0	1	1	0	4.16	1	1.05	0.95;
	57	1	0	0	0	0	1	1	0	4.16	1	1.05	0.95;
	58	1	0.02	0.01	0	0	1	1	0	4.16	1	1.05	0.95;
	59	1	0.02	0.01	0	0	1	1	0	4.16	1	1.05	0.95;
	60	1	0.02	0.01	0	0	1	1	0	4.16	1	1.05	0.95;
	61	1	0	0	0	0	1	1	0	4.16	1	1.05	0.95;
	62	1	0.04	0.02	0	0	1	1	0	4.16	1	1.05	0.95;
	63	1	0.04	0.02	0	0	1	1	0	4.16	1	1.05	0.95;
	64	1	0.075	0.035	0	0	1	1	0	4.16	1	1.05	0.95;
	65	1	0.14	0.1	0	0	1	1	0	4.16	1	1.05	0.95;
	66	1	0.075	0.035	0	0	1	1	0	4.16	1	1.05	0.95;
	67	1	0	0	0	0	1	1	0	4.16	1	1.05	0.95;
	68	1	0.02	0.01	0	0	1	1	0	4.16	1	1.05	0.95;
	69	1	0.04	0.02	0	0	1	1	0	4.16	1	1.05	0.95;
	70	1	0.02	0.01	0	0	1	1	0	4.16	1	1.05	0.95;
	71	1	0.04	0.02	0	0	1	1	0	4.16	1	1.05	0.95;
	72	1	0	0	0	0	1	1	0	4.16	1	1.05	0.95;
	73	1	0.04	0.02	0	0	1	1	0	4.16	1	1.05	0.95;
	74	1	0.04	0.02	0	0	1	1	0	4.16	1	1.05	0.95;
	75	1	0.04	0.02	0	0	1	1	0	4.16	1	1.05	0.95;
	76	1	0.245	0.18	0	0	1	1	0	4.16	1	1.05	0.95;
	77	1	0.04	0.02	0	0	1	1	0	4.16	1	1.05	0.95;
	78	1	0	0	0	0	1	1	0	4.16	1	1.05	0.95;
	79	1	0.04	0.02	0	0	1	1	0	4.16	1	1.05	0.95;
	80	1	0.04	0.02	0	0	1	1	0	4.16	1	1.05	0.95;
	81	1	0	0	0	0	1	1	0	4.16	1	1.05	0.95;
	82	1	0.04	0.02	0	0	1	1	0	4.16	1	1.05	0.95;
	83	1	0.02	0.01	0	0	1	1	0	4.16	1	1.05	0.95;
	84	1	0.02	0.01	0	0	1	1	0	4.16	1	1.05	0.95;
	85	1	0.04	0.02	0	0	1	1	0	4.16	1	1.05	0.95;
	86	1	0.02	0.01	0	0	1	1	0	4.16	1	1.05	0.95;
	87	1	0.04	0.02	0	0	1	1	0	4.16	1	1.05	0.95;
	88	1	0.04	0.02	0	0	1	1	0	4.16	1	1.05	0.95;
	89	1	0	0	0	0	1	1	0	4.16	1	1.05	0.95;
	90	1	0.04	0.02	0	0	1	1	0	4.16	1	1.05	0.95;
	91	1	0	0	0	0	1	1	0	4.16	1	1.05	0.95;
	92	1	0.04	0.02	0	0	1	1	0	4.16	1	1.05	0.95;
	93	1	0	0	0	0	1	1	0	4.16	1	1.05	0.95;
	94	1	0.04	0.02	0	0	1	1	0	4.16	1	1.05	0.95;
	95	1	0.02	0.01	0	0	1	1	0	4.16	1	1.05	0.95;
	96	1	0.02	0.01	0	0	1	1	0	4.16	1	1.05	0.95;
	97	1	0	0	0	0	1	1	0	4.16	1	1.05	0.95;
	98	1	0.04	0.02	0	0	1	1	0	4.16	1	1.05	0.95;
	99	1	0.04	0.02	0	0	1	1	0	4.16	1	1.05	0.95;
	100	1	0.04	0.02	0	0	1	1	0	4.16	1	1.05	0.95;
	101	1	0	0	0	0	1	1	0	4.16	1	1.05	0.95;
	102	1	0.02	0.01	0	0	1	1	0	4.16	1	1.05	0.95;
	103	1	0.04	0.02	0	0	1	1	0	4.16	1	1.05	0.95;
	104	1	0.04	0.02	0	0	1	1	0	4.16	1	1.05	0.95;
	105	1	0	0	0	0	1	1	0	4.16	1	1.05	0.95;
	106	1	0.04	0.02	0	0	1	1	0	4.16	1	1.05	0.95;
	107	1	0.04	0.02	0	0	1	1	0	4.16	1	1.05	0.95;
	108	1	0	0	0	0	1	1	0	4.16	1	1.05	0.95;
	109	1	0.04	0.02	0	0	1	1	0	4.16	1	1.05	0.95;
	110	1	0	0	0	0	1	1	0	4.16	1	1.05	0.95;
	111	1	0.02	0.01	0	0	1	1	0	4.16	1	1.05	0.95;
	112	1	0.02	0.01	0	0	1	1	0	4.16	1	1.05	0.95;
	113	1	0.04	0.02	0	0	1	1	0	4.16	1	1.05	0.95;
	114	1	0.02	0.01	0	0	1	1	0	4.16	1	1.05	0.95;
	115	1	0	0	0	0	1	1	0	4.16	1	1.05	0.95;
	116	1	0	0	0	0	1	1	0	4.16	1	1.05	0.95;
	117	1	0	0	0	0	1	1	0	4.16	1	1.05	0.95;
	118	1	0	0	0	0	1	1	0	4.16	1	1.05	0.95;
	119	1	0	0	0	0	1	1	0	4.16	1	1.05	0.95;
	120	1	0	0	0	0	1	1	0	4.16	1	1.05	0.95;
	121	1	0	0	0	0	1	1	0	4.16	1	1.05	0.95;
	122	1	0	0	0	0	1	1	0	4.16	1	1.05	0.95;
	123	1	0	0	0	0	1	1	0	4.16	1	1.05	0.95;
];

%% generator data
%	bus	Pg	Qg	Qmax	Qmin	Vg	mBase	status	Pmax	Pmin	Pc1	Pc2	Qc1min	Qc1max	Qc2min	Qc2max	ramp_agc	ramp_10	ramp_30	ramp_q	apf
mpc.gen = [
	1	 0.0	 0.0	 1	 -1	 1.06	 100.0	 1	 1.250	 0.0	 0.0	 0.0	 0.0	 0.0	 0.0	 0.0	 0.6	 0.0	 0.0	 0.0	 0.0;
	25	 0.0	 0.0	 0.250	 -0.250	 1.04017	 100.0	 1	 0.275	 0.0	 0.0	 0.0	 0.0	 0.0	 0.0	 0.0	 0.15	 0.0	 0.0	 0.0	 0.0;
	35	 0.0	 0.0	 0.250	 -0.250	 1.00788	 100.0	 1	 0.300	 0.0	 0.0	 0.0	 0.0	 0.0	 0.0	 0.0	 0.15	 0.0	 0.0	 0.0	 0.0;
	60	 0.0	 0.0	 1	 -1	 1.06	 100.0	 1	 1.200	 0.0	 0.0	 0.0	 0.0	 0.0	 0.0	 0.0	 0.6	 0.0	 0.0	 0.0	 0.0;
	76	 0.0	 0.0	 0.250	 -0.250	 1.06	 100.0	 1	 0.225	 0.0	 0.0	 0.0	 0.0	 0.0	 0.0	 0.0	 0.1	 0.0	 0.0	 0.0	 0.0;
	97	 0.0	 0.0	 0.250	 -0.250	 1.06	 100.0	 1	 0.275	 0.0	 0.0	 0.0	 0.0	 0.0	 0.0	 0.0	 0.15	 0.0	 0.0	 0.0	 0.0;
	108	 0.0	 0.0	 0.250	 -0.250	 1.06	 100.0	 1	 0.250	 0.0	 0.0	 0.0	 0.0	 0.0	 0.0	 0.0	 0.1	 0.0	 0.0	 0.0	 0.0;
	116	 0.0	 0.0	 2	 -2	 1.06	 100.0	 1	 4.000	 0.0	 0.0	 0.0	 0.0	 0.0	 0.0	 0.0	 2	 0.0	 0.0	 0.0	 0.0;
];

%% generator cost data
%	2	startup	shutdown	n	c(n-1)	...	c0
mpc.gencost = [
	2	 0.0	 0.0	 3	   5.0000	   10.000000	   2.00000;
	2	 0.0	 0.0	 3	   20.0000	   10.00000	   4.00000;
	2	 0.0	 0.0	 3	   30.0000	   15.00000	   8.00000;
	2	 0.0	 0.0	 3	   5.0000	   10.00000	   10.0000;
	2	 0.0	 0.0	 3	   40.0000	   20.00000	   5.00000;
	2	 0.0	 0.0	 3	   20.0000	   10.00000	   4.00000;
	2	 0.0	 0.0	 3	   30.0000	   15.000000	   2.00000;
	2	 0.0	 0.0	 3	   1.0000	   2.00000	   0.50000;
];

%% branch data
%	fbus	tbus	r	x	b	rateA	rateB	rateC	ratio	angle	status	angmin	angmax
